data_IP_growth=[
-1.9264	-0.2541	-0.1370	3.6641	-3.9726	-3.2819	-2.1465	0.0803
1.2500	0.6369	-0.9602	-2.6510	5.1355	4.5908	-0.6452	-0.3119
-2.2928	0.0000	-0.9695	1.8154	-3.9349	-2.6718	-2.8571	-1.9889
-2.3466	-2.4051	-0.1399	-0.7429	0.9887	-20.0000	0.1337	-2.4855
-0.7394	0.5188	-0.8403	-1.0479	-0.9790	24.7549	0.1335	-1.2228
0.9311	0.9032	0.5650	-0.1513	-0.9887	8.2515	-2.1333	-0.6824
-0.3690	0.0000	0.1405	-2.8788	-0.9986	-9.2559	-1.4986	0.3023
2.2222	-1.9182	-3.5063	1.5601	-3.0259	-0.2000	-1.7981	1.6173
1.0870	-0.3911	0.5814	0.6144	4.1605	0.4008	-0.4225	1.2591
0.3584	-0.6545	1.7341	-1.3741	3.1384	-0.3992	0.0000	1.7370
0.7143	1.7128	-1.5625	1.5480	-2.0747	-1.0020	-0.5658	0.5823
-1.0638	-0.3886	-0.4329	0.1524	-0.9887	1.2146	-0.2845	-0.5631
0.3584	0.9103	2.0290	-0.4566	3.1384	0.8000	0.8559	-0.4668
0.0000	-1.9330	-0.4261	0.4587	-4.0111	-0.5952	0.1414	0.5232
1.9643	-0.1314	-0.9986	0.0000	1.0087	-2.1956	0.4237	-0.4230
-1.7513	1.1842	0.5764	-1.6743	-0.9986	-0.4082	-1.5471	0.6098
0.5348	0.5202	-1.1461	2.6316	-1.0087	0.0000	2.2857	0.4633
0.3546	-1.1643	0.8696	0.7542	2.0379	1.4344	0.2793	0.6180
-4.0636	0.0000	0.1437	-0.2994	-2.9957	-0.6061	0.2786	0.0116
2.5783	1.3089	0.2869	1.6517	-2.0588	-1.8293	0.1389	-0.6278
-1.7953	-0.6460	0.5723	0.5908	5.2553	1.6563	2.3578	-0.7077
-1.8282	0.0000	-0.8535	0.0000	-1.9972	0.0000	-1.2195	-1.0943
0.7449	1.8206	-0.8608	-0.4405	3.0568	-0.8147	-1.5089	-1.1118
-1.1091	-1.6603	0.4342	-0.4425	-1.9774	-1.8481	0.0000	-1.9781
0.1869	-0.7792	-0.7205	-0.7407	-3.0259	2.0921	0.6964	1.9571
-1.3060	1.3089	0.8708	1.0448	1.0401	0.2049	0.1383	-0.7340
-2.8355	-0.1292	-0.1439	-1.3294	1.0294	-0.4090	1.2431	-0.8602
1.1673	-0.2587	0.0000	-1.0479	-2.0379	0.6160	0.9550	-0.6241
-2.1154	0.1297	-2.4496	1.3616	-1.0401	-0.8163	-1.3514	-0.3316
-1.9646	-2.8497	-3.2496	-0.2985	0.0000	-1.4403	0.0000	-0.3312
2.2044	0.0000	1.9847	0.1497	-3.1532	-0.2088	0.8219	-0.8093
-1.3726	0.6667	-0.2994	0.4484	2.1705	1.4644	0.1359	-0.3582
-1.7893	0.7947	-1.2012	-2.8274	-1.0622	0.0000	-0.6784	-0.8487
2.0243	-0.6570	-1.2158	2.4502	-1.0736	-0.2062	-1.6393	-0.3799
-0.5952	0.3968	0.4615	-1.0463	3.2558	1.4463	1.3889	-0.7436
1.5968	0.2635	1.5314	0.9063	-1.0511	-1.0183	1.2329	1.9228
0.0000	-0.3942	-0.7542	-0.4491	2.1244	1.4403	1.4885	-0.6092
0.5894	0.9235	1.6717	1.5038	1.0401	-1.2170	-1.3333	0.8400
1.7578	-0.5229	1.0463	0.0000	0.0000	3.2854	1.0811	1.1903
0.7678	0.7884	-0.7396	0.4444	3.0882	0.3976	1.2032	0.7099
3.0476	0.0000	3.4277	1.0325	-3.9943	-0.7921	-1.4531	0.5408
0.0000	-1.5645	-4.4669	-0.4380	1.0401	-0.5988	1.6086	1.5279
2.4030	0.0000	0.9050	2.3460	-1.0294	0.8032	0.1319	1.0932
2.3466	1.0596	2.6906	1.2894	0.0000	2.1912	0.5270	1.5032
-1.2346	-0.9174	-0.2911	-0.4243	0.0000	0.7797	0.9174	0.8209
1.2500	2.5132	1.1679	0.9943	2.0802	-0.1934	-0.1299	0.3163
2.9982	0.5161	2.0202	1.4065	2.0379	-0.3876	0.5202	0.4941
-0.5137	0.3851	-1.2730	0.6935	1.9972	2.7237	1.2937	2.0373
-0.3442	-0.3836	1.0029	2.4793	-0.9790	-4.1667	-0.7663	0.4939
1.5544	-0.1284	-1.5603	-0.8065	2.1186	3.7549	-1.2870	0.4558
2.7211	-1.6710	-0.7205	-0.4065	-1.1065	0.3810	-1.8253	0.6160
1.6556	2.7451	0.7257	1.9048	0.0000	4.3643	-0.6640	0.4978
-0.1629	-2.4173	-9.5101	0.5341	2.0979	-2.5455	0.6685	0.3515
1.6313	1.6949	12.4204	0.0000	-3.0137	-8.3955	-1.4608	0.3462
-0.1605	0.0000	-1.1331	1.4608	3.1073	10.5906	-0.4043	0.0560
-1.7685	-0.1282	2.1490	-1.4398	-0.9589	0.0000	1.7591	-0.1514
1.9640	0.3851	-0.4208	2.9217	-3.0429	1.6575	0.0000	-0.1351
-0.3210	-1.5345	0.8451	0.0000	1.9972	0.3623	-0.5319	0.3773
-0.1610	0.0000	0.5587	-0.5161	-1.9580	1.2635	1.7380	0.1084
0.8065	0.7792	0.0000	0.9079	10.1284	-1.9608	1.7083	-0.2395
1.4400	1.6753	0.1389	-0.2571	-5.5700	-0.9091	0.0000	0.4263
0.4732	0.5070	0.9709	-0.7732	-0.9602	2.0184	2.4548	0.1097
-0.6279	-1.1349	-1.0989	1.5584	-2.9086	0.7194	0.8827	-0.2047
0.7899	1.0204	1.1111	1.0230	0.9986	0.0000	0.8750	0.0931
-0.1567	-1.5152	1.2363	-1.5190	0.9887	0.0000	2.2305	0.0707
0.1570	0.2564	0.9498	1.4139	-2.9371	-3.7500	-3.8788	-0.6848
0.3135	0.0000	-2.5538	-0.8872	1.0087	6.4935	0.8827	0.4236
0.3125	0.2558	1.2414	-0.7673	-2.1398	-1.2195	1.7500	0.4343
0.7788	1.0204	1.2262	1.0309	2.1866	-2.8219	-2.0885	-0.4010
0.1546	1.1364	1.8843	-0.2551	9.1298	0.5445	1.2547	0.3404
0.0000	-0.9988	-3.8309	0.0000	-10.3268	-3.6101	-2.6022	1.0367
0.4630	0.3783	2.0604	-0.1279	1.1662	5.2435	1.2723	0.4858
-0.4608	-1.0050	0.4038	0.0000	9.2219	-0.3559	0.7538	-0.7339
-1.6975	-0.2538	0.1341	-0.1280	-10.4222	0.5357	0.9975	-0.6214
0.7849	2.5445	0.5355	0.0000	11.6348	-2.3091	1.2346	0.0640
-1.8692	-3.1017	-0.9321	0.0000	-10.4222	-0.1818	-1.7073	0.1824
-0.6349	0.8963	0.4032	0.2564	4.2710	0.3643	1.3648	-0.3221
0.7987	0.0000	1.4726	0.0000	0.9887	0.9074	-0.8568	0.6256
-0.9509	0.0000	-1.7150	-2.3018	0.0000	0.3597	0.0000	-0.2073
0.4800	1.0152	-0.5369	3.2723	2.9371	0.3584	2.5926	0.1859
0.0000	0.8794	0.2699	-1.2674	-3.8044	0.0000	0.2407	0.4574
-0.1592	-1.4944	1.0767	-1.4121	0.0000	0.3571	-0.3601	0.4712
1.7544	0.6321	-1.3316	2.3438	1.9774	0.3559	0.4819	0.8741
0.9404	-2.6382	-1.4845	-0.2545	4.9862	-4.2553	-1.9185	-0.3322
0.3106	2.4516	1.9178	-0.5102	-4.7493	4.2593	3.3007	1.2872
0.4644	1.1335	-0.5376	1.5385	3.0471	0.0000	-0.4734	0.1647
-0.4623	-0.9963	1.3514	-0.8838	-4.8387	-0.1776	-0.8323	0.6199
0.1548	0.8805	1.4667	-1.5287	2.9661	1.0676	1.7986	0.6689
0.9274	0.4988	-1.8397	3.7516	-1.9204	0.7042	-0.4711	0.5209
1.0720	-1.2407	-1.0710	0.8728	0.0000	-1.0490	1.8935	0.6174
1.0606	0.0000	2.1651	0.0000	0.0000	3.7103	-0.3484	0.7358
0.4498	1.5075	-1.3245	1.4833	-1.9580	-1.3629	-0.5828	0.2825
0.8955	0.6188	1.6107	1.7052	2.9957	0.8636	1.1723	1.5005
1.0355	0.0000	0.5284	0.3593	1.9391	1.0274	-0.1159	0.5313
0.8785	1.4760	0.1314	1.0740	-2.8533	-0.5085	0.9281	0.4616
1.5965	-0.1212	-0.5249	0.3542	-2.9371	-3.9182	0.9195	0.0541
0.2857	1.4563	0.7916	3.1765	1.0087	-3.5461	-1.1390	0.4030
0.7123	0.1196	-0.5236	-1.9384	0.9986	5.6985	1.4977	0.2433
-0.2829	-1.4337	0.7895	2.4419	-1.9774	2.0870	-0.7946	0.5171
0.8511	1.2121	0.0000	-1.1351	3.0259	0.5111	1.1442	-0.0721
-0.4219	0.7186	1.6971	0.3444	1.9580	-0.6780	0.3394	0.2405
-0.8475	-0.8323	-2.3107	0.4577	2.0576	-1.5358	0.5637	0.1249
0.2849	0.0000	4.2050	0.5695	-2.0161	-1.5598	1.1211	0.4508
0.7102	2.0384	-1.2610	1.5855	3.0178	1.7606	0.9978	-0.3707
-0.8463	-2.2327	0.3831	-1.3378	0.0000	2.4222	-1.0977	0.5295
-0.5690	2.6442	0.5089	2.0339	-0.9321	-0.1689	0.9989	0.1769
1.2876	1.1710	2.1519	0.7752	-2.9570	0.0000	-0.6593	0.4257
-0.5650	-0.4630	-1.4870	0.8791	1.6621	3.0457	0.5531	0.2839
0.8523	-0.2326	-0.2516	-0.6536	-0.6812	-0.1642	0.2200	-0.4349
-0.4225	0.1166	0.6305	3.6184	-0.2744	-0.6579	-1.3172	0.2829
0.4243	1.8626	3.0075	-1.5873	8.3907	0.3311	2.5584	0.0266
-0.7042	-1.1429	-4.7445	0.1075	-3.6802	-1.8152	-2.6030	-0.6624
-0.8511	1.3873	3.9591	1.1815	-0.7905	1.0084	0.1114	0.0670
-0.5723	-1.1403	0.6143	-2.1231	0.7968	-1.6639	0.1112	-0.9638
0.2878	0.0000	-0.2442	1.7354	0.5270	-0.3384	2.1111	0.8751
0.2869	-0.1153	0.4896	-0.3198	0.7864	1.8676	-0.4353	-0.2746
-1.0014	0.9238	0.2436	-0.5348	0.5202	0.6667	-0.6557	-0.1006
1.3006	1.1442	0.4860	0.6452	0.7762	0.1656	0.9901	0.2901
1.1412	0.2262	1.6929	0.6410	3.0809	0.1653	-0.2179	0.5905
-3.1030	-0.2257	-0.2378	-0.6369	-3.4869	4.9505	-1.5284	-0.5638
0.7278	0.5656	-0.3576	0.5342	-4.7742	0.0000	-0.4435	0.9078
0.5780	-0.4499	0.9569	1.8066	2.3035	0.9434	1.2249	0.5199
-0.8621	0.6780	-1.7773	0.2088	3.0464	-0.3115	0.6601	-0.1296
0.4348	-0.6734	2.5332	0.6250	-1.1568	0.3125	-0.6557	0.1934
0.2886	0.0000	0.0000	0.3106	1.5605	0.1558	1.5402	0.3177
-0.1439	-0.1130	0.9412	0.9288	0.2561	-2.6439	-2.3835	-0.0935
-1.4409	-0.6787	0.5828	0.8180	0.8940	2.3962	0.1110	0.2399
-1.7544	0.9112	0.9270	-0.8114	1.6456	0.1560	-0.4435	0.2111
0.0000	-0.6772	0.2296	2.0450	-2.6152	0.0000	0.0000	-0.7741
-1.0417	-0.9091	0.0000	-0.7014	1.0230	-0.3115	-0.5568	-1.1976
-1.0526	1.1468	0.3436	0.1009	2.6582	1.0938	-0.5599	-0.7067
0.1520	0.7937	2.8539	0.6048	-1.9729	-1.2365	-0.2252	-0.4310
-1.3657	-0.5624	-1.4428	0.4008	2.3899	0.1565	-0.1129	-0.6499
0.0000	-1.0181	-0.6757	-0.8982	-6.2654	-1.0938	-1.0170	-0.5184
