data_exchange=[
-0.9620	0.9745	-2.0243	-1.9106	-1.2308	-5.3241	-1.6264	-0.8786	-4.8136	-0.0513	-1.7847
-1.8549	-4.8845	-8.0177	-9.8208	-8.9537	-0.1700	-9.3859	-6.7674	-9.0708	-4.6784	-6.3604
2.7713	0.3037	7.5725	7.9215	6.9009	5.3103	7.7143	6.1102	10.4492	7.5712	6.2625
2.0807	2.8378	1.4882	0.7714	1.0342	7.1091	1.1814	-0.2405	0.0066	3.8230	2.0092
0.6208	0.8390	0.7520	0.1041	0.0026	0.8357	0.1424	0.0293	1.2573	0.2051	0.4788
0.1304	-0.1918	0.6142	-0.9186	1.5104	-3.2901	0.2384	0.4863	-0.8614	-0.4991	-0.2781
1.0646	0.6293	-0.5958	-1.2190	-1.1658	2.7594	-0.7619	-0.2561	-0.1403	2.6383	0.2953
0.4008	-1.3248	-1.0171	-1.9667	0.0908	4.7797	-0.8841	2.3003	-1.0095	-1.0148	0.0355
-0.1061	-0.6113	-4.1124	-5.6672	-3.4703	-0.7964	-4.9497	-1.6884	-4.6655	1.8555	-2.4212
-0.9490	-0.9373	-2.2700	-1.4802	-0.6152	-3.3329	-2.2559	-2.2246	-1.5034	-3.5309	-1.9099
1.3707	-0.7252	-1.6308	-2.4871	-2.7997	5.2594	-3.6624	-1.7277	-3.2963	1.1818	-0.8517
-0.3574	0.4897	-7.1413	-7.4561	-6.8755	-1.6555	-6.8904	-3.8416	-7.4179	-1.7590	-4.2905
-2.0871	-0.4331	-2.1170	-0.0785	-0.7515	-2.4456	-2.2307	0.1125	-1.4694	-6.7090	-1.8209
1.0994	2.0527	0.6036	1.0574	-2.0235	-1.0325	0.5103	0.5080	1.7106	2.4210	0.6907
-1.4559	-0.9954	-4.1183	-4.5614	-2.9983	-1.9268	-4.4381	-2.9007	-5.3028	-2.0709	-3.0769
-1.0893	-0.3704	-5.3017	-5.2872	-4.5911	-3.4451	-5.4562	-4.1018	-2.4502	-3.2171	-3.5310
0.4721	0.8582	-2.6223	-3.1781	-2.5428	-1.9289	-3.3477	-3.2318	1.0803	-7.4727	-2.1914
-1.3150	-3.0013	-2.0444	-3.5671	-3.3458	-7.0034	-3.1002	-2.8464	-5.1525	-5.1191	-3.6495
1.8351	2.7594	0.5739	0.4430	0.9078	2.9868	0.4306	0.1929	1.1073	0.0481	1.1285
-0.0598	-0.4996	5.5893	4.7860	3.8789	-0.1406	4.9433	-7.1615	7.4777	-2.1876	1.6626
0.4657	1.2261	-0.6838	3.8101	-0.3883	-0.2857	5.3092	1.0786	6.9316	4.1367	2.1600
1.7232	2.3512	1.3145	1.4054	2.3075	8.2190	1.8216	2.2627	3.6869	5.5014	3.0593
-1.8527	-0.7003	-1.1467	-1.1556	0.2579	-2.8594	-1.3813	-1.7756	-1.1845	-1.9242	-1.3722
-2.4229	-0.5836	-2.8154	-3.3248	-2.8115	-5.1595	-3.1072	-1.6218	-3.5447	-1.9667	-2.7358
-2.0451	-1.8787	-2.5557	-2.7169	-2.0986	-2.9419	-2.8334	-0.8734	-2.3442	-3.1740	-2.3462
-1.4885	1.6412	-1.8773	-1.2203	-2.3138	-4.4365	-1.4821	-2.0966	-1.8583	-1.2928	-1.6425
1.7849	0.6606	3.8974	3.7496	2.2201	5.8291	3.7657	2.7987	-0.6909	2.4440	2.6459
-0.8786	-1.4045	-0.6349	-0.9087	0.0850	-3.6264	-1.3794	-1.4346	-1.7443	-0.4191	-1.2345
-2.6374	-3.6655	-10.7001	-4.6141	-5.8581	-5.6564	-5.2792	-5.1883	-5.0715	-3.9235	-5.2594
-2.6045	3.0877	-0.5584	-0.6500	0.6460	-2.3241	-0.1245	0.3425	-0.1290	-0.3492	-0.2663
-1.6648	1.1956	-2.1279	-1.5677	0.0209	-0.6305	-0.2019	-0.5397	-0.7614	-1.1693	-0.7447
-0.5829	0.8197	-1.3976	-0.9075	0.3103	-1.2798	-0.7076	-1.5934	-1.6267	-1.5714	-0.8537
-1.0154	1.1652	-1.2618	-1.1503	-1.8173	-3.2167	-0.5529	-14.9483	-1.8246	-0.9540	-2.5576
3.2301	-0.2163	4.8983	4.2036	4.3730	10.2520	2.2722	1.9572	4.7039	-2.1097	3.3564
3.3332	0.8897	4.6513	4.2200	5.3467	6.3785	3.7625	1.5341	5.4460	-0.7341	3.4828
-0.7707	-1.0106	-2.8828	-3.2772	-1.9888	-2.2420	-3.2630	-0.6545	-0.7025	-6.1227	-2.2915
-0.7436	1.0733	1.9528	1.1703	2.0337	0.3749	0.7164	0.2420	-2.2816	-0.2323	0.4306
-8.9022	0.2693	-4.4137	0.0213	-2.2250	0.0199	-1.4344	-0.6285	-1.0118	-1.8412	-2.0146
0.2622	0.3356	-1.0212	-1.8952	-1.0061	-0.0670	-1.8981	0.6887	0.2139	5.7671	0.1380
1.7421	-0.7247	-2.0835	-2.4660	-1.7374	0.4473	-2.5053	-0.2798	-1.4221	2.7852	-0.6244
-0.3294	1.0867	-0.3126	-0.5131	-0.1572	-0.9782	-0.3538	-0.8181	-0.1044	-4.1652	-0.6645
0.8261	-0.3788	-3.7505	-4.1059	-3.4408	-1.8688	-3.6710	-1.1884	-2.0818	-0.7404	-2.0400
0.3730	0.2611	-1.6505	-1.7480	-2.5821	-2.3199	-1.9901	-1.9695	-2.4373	-1.5641	-1.5627
2.7394	-0.2496	1.9916	2.4166	2.0260	5.3889	2.7615	1.9129	2.9884	0.3959	2.2371
1.9982	0.2435	0.1531	-0.3968	0.9095	1.0993	-0.1634	0.2141	-1.2342	-0.2160	0.2607
-0.1007	-0.8375	-2.2091	-2.5684	-1.4173	-0.1010	-2.5493	-1.3936	-0.5222	-2.1046	-1.3804
-2.5198	-0.5295	-1.5183	-1.0223	-1.2055	-0.3006	-1.5169	-0.1036	-1.0486	-0.8129	-1.0578
1.3281	-0.3326	-3.2522	-3.5773	-2.9414	-1.6045	-3.8778	-1.5175	-3.5848	-4.1825	-2.3543
2.2865	-0.0871	7.9165	8.2440	6.8721	0.6256	8.1279	4.4443	3.7856	6.2819	4.8497
-0.9456	-2.1978	0.4435	-0.0211	0.4921	3.7906	0.3789	1.7931	1.0821	-3.5242	0.1292
-1.9667	-0.9603	-4.0328	-4.9399	-3.4730	-1.1426	-4.5631	-3.0604	-4.4264	-1.8308	-3.0396
-2.0304	-0.7459	-0.1372	-0.4651	-0.1474	-1.4822	-0.6469	-0.7085	-0.9822	-0.7132	-0.8059
-3.9623	-1.2102	-1.4835	-1.6383	-1.0679	-3.2713	-1.9595	-1.6150	-2.9359	-1.9715	-2.1115
-3.9811	0.5290	-3.9754	-4.7758	-4.1756	-3.3988	-4.7002	-3.0779	-6.2634	-4.1757	-3.7995
2.9297	0.7180	0.7805	0.0674	-0.1648	0.2860	0.3552	1.7848	2.6906	0.6619	1.0109
-2.1099	-1.7211	-5.7080	-6.0978	-5.5541	-0.8280	-5.7323	-3.8849	-5.1962	-5.6998	-4.2532
2.6479	0.1757	1.6293	1.5582	1.9764	0.8031	1.5777	0.4022	1.8275	-1.0307	1.1567
1.0376	-0.4917	-2.2789	-2.6400	-1.3522	-1.3789	-2.4662	-1.6079	-2.0639	-1.6442	-1.4886
-3.5454	0.0485	-1.3076	-1.4961	-0.4590	-1.6826	-2.0289	-0.2204	-1.9921	-3.5124	-1.6196
-1.0397	0.0060	0.0919	0.1203	0.1908	-1.1054	-0.7124	-0.2168	-2.0157	-2.2196	-0.6901
-12.6565	-4.3837	-5.3844	-5.5298	-5.7698	-2.6981	-5.4644	-4.3444	-6.1402	-4.3649	-5.6736
-1.0846	1.4287	8.9259	8.3073	6.0427	3.2434	8.8989	6.6058	9.9842	15.1322	6.7485
-7.3261	0.1160	0.0392	-0.3221	-0.1716	0.1709	-0.5427	-0.8289	-0.3010	2.3794	-0.6787
3.5514	-0.2176	1.5667	0.8510	1.6558	0.1663	1.5702	2.5716	0.7016	3.8697	1.6287
1.2916	1.1450	1.1281	0.7086	1.7225	0.8481	0.5067	0.8446	0.9985	1.7568	1.0951
8.6506	0.9153	8.3719	7.9970	2.7672	5.0851	8.2411	5.2493	10.3318	7.3252	6.4935
-2.4844	-1.3303	-0.5889	-0.9285	-0.0248	-1.4711	-0.7380	-0.7012	-0.8865	-1.2897	-1.0443
0.5120	-0.6715	5.0255	4.8562	4.7820	10.3175	5.1270	3.6766	5.3657	0.9648	3.9956
-0.1091	0.4283	2.4205	2.0185	2.9632	2.8854	2.0413	2.4980	1.9270	2.1088	1.9182
-1.5483	-1.4515	3.7531	3.8823	3.4212	3.3759	4.0131	3.3433	3.6012	3.2160	2.5606
-0.2487	-0.8900	1.7683	2.3276	2.7661	0.5825	1.8795	0.7520	0.6298	-3.6988	0.5868
5.0569	-1.7459	2.2492	2.4262	2.6238	4.0979	1.3153	1.3248	1.2761	-2.1683	1.6456
-1.3156	0.8633	6.5437	7.1325	7.5246	6.5932	7.5106	4.8755	7.4788	3.5888	5.0795
2.8136	2.7154	-3.9445	-4.6678	-3.7792	6.4497	-4.1865	-1.9358	-2.8380	2.8379	-0.6535
5.0609	1.7690	5.2638	8.7127	7.8633	2.3957	9.0194	6.2204	8.2387	6.0284	6.0572
-3.0425	-0.2886	-6.9149	-7.1380	-6.2262	-3.7438	-6.9121	-5.4500	-6.7859	-5.1998	-5.1702
-5.2807	0.2538	5.3948	5.2476	5.3069	5.5459	4.6384	3.3036	7.2092	3.6254	3.5245
-10.7406	0.6048	3.1553	4.6852	4.7687	5.9572	4.1834	2.3186	6.4612	-3.0574	1.8337
3.1154	-0.3709	2.1262	2.4235	2.6172	-0.7465	2.8504	1.0318	2.3619	-0.0254	1.5384
3.7085	-0.4603	0.4401	0.1475	0.1324	0.3818	0.3014	0.2542	-0.5535	-2.5132	0.1839
2.7591	0.2499	-1.0720	-2.1365	-1.3862	-5.7480	-1.4544	-1.6391	-3.8858	-1.6361	-1.5949
2.0843	0.9657	3.9998	4.1478	4.5315	0.4884	4.2001	2.1660	4.1859	1.3796	2.8149
2.5899	-0.2998	0.9905	2.3240	2.1836	1.9336	2.1092	1.9030	1.6558	3.2427	1.8633
-0.9190	2.8089	4.8059	5.0399	2.7398	1.6360	3.2087	3.4350	4.5611	1.8762	2.9193
2.6235	0.7047	0.2173	0.0270	0.4447	-0.0670	-0.1317	0.9911	0.3843	2.2250	0.7419
4.6277	2.0344	1.1387	0.7858	1.0060	5.0366	1.2366	2.2154	1.7005	3.7265	2.3508
-0.1813	-2.3160	0.0690	0.5270	-0.1497	4.0479	0.0856	0.4618	2.3428	4.2857	0.9173
1.5628	0.3316	-1.5232	-1.7619	-2.1358	-2.2218	-1.6068	-1.4046	-3.2142	-2.1745	-1.4149
1.1078	0.2808	-0.2939	-0.6842	-0.5250	-2.6649	-0.5132	-0.9998	-0.7786	-2.4343	-0.7505
-2.8142	0.6756	-1.5484	-2.0656	-1.7778	-2.7971	-2.0127	-0.6620	-1.7623	-0.6739	-1.5438
2.5307	0.2706	2.0138	1.6824	2.5378	4.9675	2.4415	1.8377	2.4607	2.2172	2.2960
-0.5766	0.2955	-2.1196	-1.7884	-1.0711	-2.1990	-1.6650	-0.6932	-2.8389	-0.2889	-1.2945
-4.9278	-0.2687	5.0407	6.5189	4.9010	5.6104	6.5509	4.3713	7.0341	6.2128	4.1044
5.1359	0.5058	4.9345	5.0839	5.2146	3.5912	4.9166	3.9735	6.9873	6.2473	4.6591
2.9629	0.8161	4.5891	4.3704	4.4369	9.0148	3.9508	2.6866	5.7828	3.0399	4.1650
-1.9057	1.7133	-5.9345	-6.5479	-6.0147	-5.9835	-7.1423	-3.7412	-7.4306	-6.7677	-4.9755
