data_term=[
1.3000	-0.6900	1.4800	1.0800	-0.9700	2.4980	-0.9500	-1.5600	0.8010	-2.4450	-1.2900
0.7600	-1.4000	0.4500	1.5800	-0.3100	3.1480	-0.0700	-0.2400	-1.6570	-2.6056	-1.6000
1.0600	-3.0400	0.9900	0.5400	0.0500	3.1140	-0.9900	0.1500	-1.4170	-2.8744	0.3700
0.8600	-0.2300	0.8400	-0.1500	-0.2800	1.5750	-1.4300	-0.8000	-0.9030	-3.2569	2.5000
0.9200	0.7400	0.9900	-0.3200	0.3400	1.4250	-1.0200	-1.4300	-0.3830	-2.7719	2.2100
0.9600	2.3400	1.5000	-0.2900	0.4400	1.6450	-0.8400	-0.6200	0.2160	-1.9988	2.1400
1.2300	1.9500	2.1900	0.6100	0.6800	1.8260	-0.2800	-0.8400	0.2470	-1.8313	1.5900
1.2200	2.2400	2.0200	1.0200	1.7600	2.2990	-0.2500	0.4300	0.1200	-1.5394	0.4200
0.8500	1.3200	2.5400	1.2800	0.4300	1.9890	0.4700	-0.3200	-0.0050	-1.8963	-0.2500
0.9500	-0.2400	2.9800	1.2000	0.2800	2.9990	0.6600	0.3100	0.0230	-0.4175	-1.7600
0.4300	-4.3800	2.8800	1.6100	0.1100	2.9280	0.5000	0.4100	-0.7520	0.2631	-1.8700
0.6800	-3.9400	3.1500	0.6600	0.2200	2.2990	1.0500	-1.9800	0.6260	0.7437	-1.9100
0.4200	-3.5600	3.1100	1.5400	0.6800	2.2170	1.4800	-2.6800	-1.0710	1.6362	-0.7900
0.3800	-3.0700	2.4100	0.0500	-0.3900	1.9180	0.7800	-3.0000	-1.8530	1.2131	0.6700
-0.6800	-2.2800	1.9700	0.3000	1.8300	2.2220	1.0000	-1.8200	-1.9120	1.9244	-0.7500
-0.1200	-3.7400	1.3500	-0.0400	0.6200	2.4040	0.1900	-1.8200	-3.3780	1.9112	-1.6000
-0.2100	-3.8700	-1.6000	-0.7900	2.5100	2.3220	-0.3800	-1.2100	-3.1060	2.2437	-0.4200
-0.0900	-3.5600	-0.1800	-0.6800	1.9100	2.8330	-0.6800	0.0100	-2.4150	0.7050	-0.2000
0.8900	-4.1300	-0.4100	-1.3600	1.4500	3.1730	-1.1400	0.4400	-1.4840	1.5012	-0.1100
1.5300	-1.6900	-0.5100	-1.6100	2.5900	3.0340	-0.7100	0.5900	-3.0080	-0.2788	1.5000
1.8300	-1.5400	0.4800	-0.0200	0.3200	3.3540	-0.1800	1.4000	-3.7280	-0.4675	1.8800
2.1300	-0.7100	1.4000	-0.5900	0.1100	2.7270	-0.3200	1.2800	-2.3700	0.4475	2.7600
1.7300	0.9100	1.1800	0.1100	-0.6600	2.6970	0.3900	0.2000	-2.5650	0.2731	2.9000
0.7400	1.5400	1.3500	-0.0400	0.2200	2.6570	0.7300	1.0200	-1.5640	1.1244	1.6200
-1.2300	0.5100	1.7700	0.1300	0.9800	2.6570	0.9200	0.1300	-1.6010	0.3850	1.5900
-3.5800	0.0100	1.1000	0.0000	1.6100	2.3070	1.6400	-0.0600	-0.0220	1.3525	0.9200
-4.0900	-0.2400	-0.0700	0.1500	0.3100	2.2770	2.0300	0.1300	1.1600	1.0987	1.5300
1.5200	-0.3600	-0.0600	0.3400	0.3800	2.6770	1.6600	-0.1600	2.3360	0.8787	2.2100
0.9300	-0.0100	0.1200	0.8600	2.0900	3.0970	1.9600	-0.7000	0.8240	1.5362	1.6800
1.7900	0.5800	1.1200	0.3200	2.3900	2.9270	1.5600	-1.2700	1.8520	2.0456	3.5100
2.0700	0.5300	1.1100	0.2600	2.7400	3.0170	1.4500	-1.0100	1.3770	1.9775	4.3900
3.5800	0.7500	1.5200	0.7810	2.8800	3.0670	2.3800	-1.3100	1.4810	1.8944	4.1100
0.8300	1.4000	2.1700	0.9600	2.3700	3.3270	2.1800	-0.8600	1.8940	1.5525	2.8100
1.6200	1.1800	2.6200	1.4810	1.1700	2.9470	2.5700	0.0100	1.3770	1.6050	2.5100
4.6100	1.3800	2.5000	1.6200	0.9900	2.3970	1.8700	0.6200	1.4310	1.5800	2.4400
1.9500	1.9500	2.2400	2.2200	0.3400	2.7470	2.5100	1.9000	2.4400	1.0831	2.7000
-1.3500	1.9100	1.8500	2.0000	0.1000	2.5170	2.6100	1.8300	2.4920	0.6737	2.3400
0.2900	2.0300	1.8900	2.3200	-0.3500	2.5270	3.3300	1.6100	1.6080	0.9675	1.9800
2.5500	1.7400	2.2400	2.6700	0.0200	2.4370	2.9800	1.5700	1.3210	1.3375	2.1900
2.9200	1.6200	1.8200	2.8600	0.4400	2.4870	2.8700	1.0400	1.2420	1.1262	2.1800
2.7700	2.1300	1.7100	2.4500	0.5200	2.4570	2.7200	0.8200	0.8810	1.7762	2.1700
4.2100	2.4100	1.6000	2.5700	0.5100	2.4770	2.9000	0.5000	1.1500	2.0550	2.5400
3.7400	2.7600	1.3400	2.7000	0.4300	2.4470	2.5900	0.5900	1.1620	2.2462	2.7200
4.6800	2.4100	1.4200	2.2800	0.5500	2.2870	2.3400	0.1000	1.3350	1.9900	2.7300
3.3200	2.3200	1.5200	2.3400	0.0800	2.7860	2.5200	-0.0100	1.5180	2.0150	3.2300
3.8800	2.1900	1.6200	2.5500	-0.1400	2.6660	2.3700	0.0900	1.5160	1.7662	2.7500
4.9600	1.9700	0.8000	2.2400	0.1400	2.4760	2.3400	0.4300	1.1890	1.9260	2.8500
4.0700	1.9900	0.2300	2.3200	-0.0400	2.5160	2.4000	0.9100	1.5580	1.9962	2.7800
3.6500	2.5000	0.3000	2.3000	0.4000	2.5160	2.3300	0.6600	1.5620	1.9350	2.9000
0.9900	2.5100	0.2200	2.5900	-0.0300	2.3160	2.0600	1.5000	1.5890	2.2440	2.8100
2.1100	2.6900	0.0800	2.4600	0.1100	2.3060	2.2400	1.3000	1.7710	2.6037	3.1000
2.3400	2.6200	0.5800	2.6000	0.7900	2.6860	2.6000	0.1500	1.6200	2.8770	4.1600
2.5100	1.8800	0.5000	2.4200	0.6700	2.5760	2.3400	-2.1100	1.6410	2.9500	3.9200
2.4200	0.7900	0.5100	2.4500	0.5700	2.5560	2.2800	-1.2100	0.8200	0.8025	2.5100
3.0600	0.8500	0.8800	2.1400	0.3800	2.3460	2.0400	0.0500	0.9150	1.3625	2.1600
3.4800	0.6700	0.5700	2.1800	0.2000	2.2960	1.6600	-0.5000	0.8320	0.9050	2.2500
2.4500	0.8600	-0.3900	1.9800	0.0500	2.0260	1.2800	0.8400	0.0980	1.1570	2.7800
2.2700	1.1600	0.9700	1.7500	0.2800	1.7760	1.5000	0.5100	0.6600	1.6719	3.1400
1.1300	1.6900	1.0600	1.7500	-0.2900	1.7860	1.6300	0.5400	0.6610	1.9140	3.7000
0.8800	1.7000	0.7400	1.9600	-0.8300	1.6760	1.7000	-0.8100	0.6940	-0.5600	3.1200
0.1900	1.1200	1.0100	1.9500	-0.2700	2.0360	1.1100	-0.2500	0.2910	-2.1330	3.4100
-0.7200	1.3400	0.5400	1.3500	0.1600	2.0360	0.8000	-0.7400	0.0010	-1.2850	3.4700
-1.0000	1.6500	0.4600	1.3500	-0.7100	1.7960	0.9500	-0.7600	0.2960	-0.8575	3.5600
-0.7000	1.1100	0.7200	1.4400	-0.5600	1.7660	0.3600	-2.7400	0.4870	-0.8275	3.1400
-0.5200	1.3200	0.7600	1.7200	-0.4600	1.6060	0.6400	-3.1200	0.5150	-0.9500	3.4200
-1.4800	1.6500	0.9200	1.7600	-0.0080	1.4960	0.7200	-1.9100	0.5590	-0.0175	3.2900
-2.2200	1.5800	1.1200	1.9500	0.1600	1.3360	0.8900	-1.4400	0.8380	-0.3400	3.1400
-2.3600	1.9400	1.4000	2.3000	-0.0800	0.8360	1.0200	-1.4200	0.6120	-0.5125	3.2700
-1.8100	1.9300	1.4300	2.6100	0.4400	1.8160	1.1600	-0.6500	0.7410	-0.5709	2.8200
-3.4000	1.0000	1.6400	1.9900	0.4400	1.3460	1.0300	0.3700	1.1780	-0.4430	2.4300
-4.5500	0.3400	1.4300	1.8400	0.5900	1.2260	0.9300	0.3800	0.8670	-0.3263	1.9500
-3.9500	-0.2700	0.9100	2.1000	-0.9200	0.7960	1.1000	0.5000	0.7060	-1.0675	2.1100
-3.2000	-1.6500	0.3300	1.7600	-0.3300	0.0780	0.8600	0.5000	0.9880	-1.6050	1.1100
-2.4300	-0.9900	-0.0400	1.6500	-0.0200	-0.2140	0.6300	0.2100	1.0440	-1.7038	1.0500
-0.5900	0.0600	0.2300	1.7800	-0.5200	-0.2440	0.9300	-0.5600	0.8950	-1.0163	1.2800
-0.0800	0.7400	0.8500	2.4600	-0.6100	0.1860	0.5700	0.1600	0.9100	-0.1075	1.7500
0.5200	0.3500	0.6400	1.8700	-0.4200	0.0703	0.3000	0.0800	0.2080	0.3314	1.3900
-0.7500	0.6000	0.8100	1.8300	-0.0700	0.1036	0.4000	0.4200	0.1060	0.1375	1.5500
-3.0500	0.4100	0.4000	1.7000	-0.0800	0.8562	0.5000	0.3800	0.5990	0.2775	1.7800
-3.5800	0.7800	0.6100	2.2400	-0.2900	1.0659	0.8500	0.7900	0.8110	0.4850	2.2500
-2.4500	0.7200	0.7100	2.3100	-0.4100	1.0499	0.8200	0.9400	0.8020	0.3885	2.1400
-1.9800	0.5400	0.9100	2.0100	-0.3100	0.7911	0.6400	1.3300	0.8980	0.4120	1.7600
-1.5100	0.4900	1.1500	2.0500	-0.5900	0.7335	0.1800	1.4300	0.6660	-0.0863	1.5600
-2.8500	0.9400	0.1300	2.0000	-0.9400	0.3125	0.4400	1.6000	0.9040	0.0920	1.5800
-2.3500	1.1000	0.3600	2.5200	-0.8200	1.4579	0.8600	0.6000	1.1490	-0.2850	1.7400
-1.9300	1.4100	0.7100	2.3200	-0.5800	1.2740	0.5500	0.8200	0.6220	0.4660	1.9000
-1.0300	1.3700	0.8000	2.5400	-0.1000	0.8540	0.7400	2.1700	1.0490	0.4125	2.6800
-0.1300	1.3900	0.7700	2.7400	-0.1400	0.4740	0.8800	2.7600	0.9040	0.6175	2.8100
0.6700	0.9800	1.0400	3.0600	0.0800	1.3940	1.0500	2.9800	0.7490	0.8006	2.6500
0.8700	0.9600	1.7300	3.3000	-0.2200	1.7160	1.2500	3.0400	1.0680	1.1320	2.5900
1.1000	1.1300	1.9400	3.2600	-0.5000	1.6780	1.1700	3.0400	1.2440	0.6750	2.7500
1.4100	1.5100	2.6000	3.5000	-0.7600	2.4380	1.6600	3.0000	1.1560	0.6670	3.0200
2.2700	1.7600	1.7600	2.6000	-0.5500	1.6580	0.7800	2.3500	0.2110	0.6720	3.6100
3.1500	1.8500	1.0100	2.9900	-0.5200	1.4780	1.2200	2.6700	1.1580	1.0390	3.7800
2.8000	1.6100	1.6200	3.2500	-1.0000	1.2180	1.5900	2.6400	1.1270	1.5170	3.1500
2.5200	0.9100	0.7900	3.2100	-1.1000	1.0480	1.8500	2.3400	1.5480	1.2060	2.6200
2.1000	0.8000	1.4800	3.0500	-0.4800	1.2440	2.0000	1.8900	2.5790	0.6050	2.5400
1.9500	1.0600	1.5600	3.0700	-0.3300	1.5780	2.0900	1.6900	2.0810	1.0900	2.8600
1.2500	1.0300	1.3200	3.3200	-0.1800	1.5380	2.3000	0.7000	2.2230	1.6862	2.8900
0.4700	0.9700	1.1900	3.5000	-0.1900	1.7680	2.3700	1.1900	1.7760	2.5050	2.7700
