data_oil=[
2.4241	0.4599	3.5347	3.4147	2.7030	7.1433	3.1160	2.3380	6.5686	1.4910	1.4389
5.6107	8.9747	12.6867	14.9397	13.8451	3.8283	14.3882	11.1754	13.9917	8.7390	3.6518
-4.4090	-2.0573	-8.6754	-8.9707	-8.1017	-6.7136	-8.7956	-7.4169	-11.0540	-8.6743	-1.7599
-2.9976	-3.7117	-2.4312	-1.7372	-1.9928	-7.5514	-2.1354	-0.7405	-0.9858	-4.6254	-0.9792
-1.5807	-1.7936	-1.7088	-1.0726	-0.9723	-1.7904	-1.1105	-0.9987	-2.1993	-1.1724	-0.9697
-1.6401	-1.3225	-2.1130	-0.5987	-2.9772	1.8388	-1.7460	-1.9884	-0.6560	-1.0178	-1.5118
-6.1301	-5.7240	-4.5621	-3.9600	-4.0117	-7.6783	-4.4023	-4.8871	-4.9974	-7.5693	-5.1307
-5.1311	-3.4721	-3.7722	-2.8400	-4.8373	-9.0958	-3.9012	-6.8926	-3.7795	-3.7744	-4.7509
-0.1459	0.3617	4.0262	5.7407	3.3341	0.5490	4.9425	1.4612	4.6297	-2.0689	-0.2518
0.7013	0.6894	2.0625	1.2443	0.3631	3.1848	2.0478	2.0151	1.2681	3.3965	-0.2543
0.9393	3.0703	4.0192	4.9327	5.2701	-2.7898	6.2128	4.1218	5.8107	1.1277	2.3229
1.1360	0.2834	8.5246	8.8938	8.2148	2.4708	8.2321	4.8005	8.8487	2.5788	0.7745
0.8845	-0.7914	0.9153	-1.1434	-0.4731	1.2552	1.0327	-1.3320	0.2521	5.8827	-1.2210
-1.7573	-2.6750	-1.2731	-1.7165	1.3741	0.3590	-1.1815	-1.1792	-2.3476	-3.0249	-0.6772
-1.0306	-1.4909	1.7176	2.1898	0.5432	-0.5554	2.0580	0.4421	2.9899	-0.4090	-2.4714
-3.6707	-4.3658	0.6143	0.5989	-0.1350	-1.3204	0.7787	-0.6446	-2.3268	-1.5528	-4.7200
-1.6532	-2.0297	1.4719	2.0544	1.3892	0.7545	2.2336	2.1111	-2.2450	6.7912	-1.1889
-1.9403	-0.2355	-1.2101	0.3498	0.1201	4.0578	-0.1337	-0.3946	2.0272	1.9913	-3.2298
-2.1842	-3.0641	-0.9577	-0.8285	-1.2853	-3.2781	-0.8163	-0.5810	-1.4801	-0.4371	-0.3892
-0.9074	-0.4695	-6.2089	-5.4899	-4.6647	-0.8272	-5.6316	6.6726	-7.8569	1.2482	-0.9667
-0.7833	-1.5286	0.3651	-3.9796	0.0674	-0.0356	-5.3465	-1.3849	-6.7826	-4.2808	-0.3212
-2.1133	-2.7138	-1.7184	-1.8064	-2.6723	-7.9889	-2.2079	-2.6296	-3.9671	-5.6187	-0.4264
1.5628	0.3842	0.8375	0.8465	-0.5752	2.6154	1.0774	1.4832	0.8761	1.6369	-0.3188
1.2818	-0.5921	1.6907	2.2266	1.6867	4.2042	1.9970	0.4570	2.4596	0.8105	-1.1722
-1.5202	-1.6872	-1.0042	-0.8401	-1.4664	-0.6103	-0.7213	-2.6843	-1.2186	-0.3720	-3.5342
-1.7236	-4.7496	-1.3342	-1.9904	-0.8933	1.3082	-1.7300	-1.1131	-1.3533	-1.9184	-3.1864
-3.9918	-2.9195	-5.9439	-5.8099	-4.4006	-7.6608	-5.8246	-4.9387	-1.5983	-4.6095	-2.2782
0.3473	0.8825	0.1011	0.3777	-0.6189	3.2083	0.8568	0.9133	1.2313	-0.1158	-0.5344
1.5441	2.6278	10.7124	3.6484	5.0180	4.7935	4.3762	4.2761	4.1479	2.9034	-1.1340
2.1476	-3.4927	0.0458	0.1380	-1.1514	1.8544	-0.3888	-0.8524	-0.3843	-0.1642	-0.5128
1.4848	-1.3838	1.9650	1.3847	-0.2256	0.4285	-0.0028	0.3368	0.5609	0.9760	-0.2047
1.6864	0.2718	2.5267	2.0196	0.7810	2.4044	1.8141	2.7306	2.7654	2.7077	1.0938
3.0087	0.7884	3.2658	3.1493	3.8500	5.3516	2.5296	19.8832	3.8578	2.9449	1.9628
-4.4355	-1.1348	-5.9553	-5.3284	-5.4820	-10.5220	-3.5404	-3.2425	-5.7807	0.7774	-1.3487
-5.2185	-2.9230	-6.4123	-6.0250	-7.0301	-7.9318	-5.6106	-3.5390	-7.1176	-1.3349	-2.0593
-1.3226	-1.0834	0.8234	1.2346	-0.0962	0.1625	1.2197	-1.4380	-1.3903	4.3030	-2.0831
-4.2459	-5.9673	-6.7784	-6.0574	-6.8523	-5.3130	-5.6341	-5.1874	-2.7389	-4.7367	-4.9580
9.1074	-0.8726	3.9839	-0.6268	1.6562	-0.6254	0.8408	0.0231	0.4103	1.2588	-0.6056
3.0467	2.9712	4.3828	5.3127	4.3669	3.3861	5.3158	2.6101	3.0963	-2.3166	3.3168
-3.6978	-1.3048	0.0648	0.4572	-0.2876	-2.4564	0.4977	-1.7451	-0.6066	-4.6750	-2.0201
3.5984	2.1472	3.5809	3.7898	3.4198	4.2772	3.6238	4.1089	3.3651	7.7450	3.2572
0.6738	1.8913	5.4607	5.8516	5.1224	3.4385	5.3737	2.7262	3.6635	2.2625	1.5054
-1.6028	-1.4931	0.4216	0.5213	1.3819	1.1098	0.7696	0.7484	1.2315	0.3335	-1.2359
-6.6365	-3.8389	-5.9520	-6.3422	-5.9837	-8.9837	-6.6566	-5.8793	-6.8622	-4.4572	-4.0789
-2.9895	-1.2914	-1.2023	-0.6568	-1.9428	-2.1269	-0.8891	-1.2624	0.1855	-0.8368	-1.0510
-2.2748	-1.5486	-0.1678	0.2003	-0.9696	-2.2745	0.1807	-0.9934	-1.8607	-0.2744	-2.3732
2.3850	0.3364	1.3438	0.8360	1.0230	0.1061	1.3424	-0.0914	0.8628	0.6231	-0.1949
0.0622	1.7295	4.7994	5.1528	4.4639	3.0445	5.4814	2.9535	5.1609	5.8169	1.3911
-1.5869	0.7510	-6.7212	-7.0033	-5.8096	0.0375	-6.9035	-3.6201	-3.0085	-5.2865	0.6633
1.2520	2.5484	-0.1483	0.3158	-0.1966	-3.3683	-0.0840	-1.4721	-0.7791	3.9582	0.2946
-0.2033	-1.2174	1.9452	2.9180	1.3540	-1.0353	2.5117	0.9226	2.3651	-0.3415	-2.1660
3.8959	2.5513	1.9263	2.2620	1.9367	3.3178	2.4491	2.5127	2.7961	2.5176	1.7864
0.2193	-2.5725	-2.3023	-2.1486	-2.7127	-0.4966	-1.8279	-2.1717	-0.8404	-1.8160	-3.7516
-3.5773	-7.9032	-3.5830	-2.7726	-3.3815	-4.1585	-2.8497	-4.4758	-1.2296	-3.3815	-7.4159
2.6555	4.9097	4.8446	5.5918	5.8374	5.3616	5.2890	3.8102	2.8944	4.9682	5.6630
3.0795	2.6717	7.0129	7.4571	6.8384	1.7471	7.0405	4.9831	6.4351	7.0035	0.9046
-6.7145	-4.4124	-5.7795	-5.7135	-6.1003	-5.0073	-5.7317	-4.6280	-5.9629	-3.2471	-4.2444
-5.3743	-3.9201	-2.1629	-1.8000	-3.0819	-3.0557	-1.9750	-2.8300	-2.3777	-2.7942	-4.3925
0.0678	-3.5268	-2.2012	-2.0140	-3.0349	-1.8282	-1.4812	-3.2668	-1.5181	0.0336	-3.4800
0.6684	-0.3842	-0.4697	-0.4980	-0.5679	0.7353	0.3365	-0.1618	1.6712	1.8831	-0.3782
14.7083	4.7837	5.8919	6.0549	6.3251	2.9685	5.9816	4.7406	6.7447	4.7630	0.1903
7.2556	4.5979	-2.6014	-2.0451	0.0468	2.7594	-2.5773	-0.4817	-3.5386	-7.8518	6.0923
5.0396	-2.7686	-2.6939	-2.3413	-2.4885	-2.8218	-2.1246	-1.8421	-2.3619	-4.9182	-2.6558
-2.7367	0.9372	-0.8360	-0.1324	-0.9230	0.5504	-0.8395	-1.8075	0.0158	-3.0348	0.7175
-5.6159	-5.4791	-5.4633	-5.0695	-6.0157	-5.2008	-4.8788	-5.1975	-5.3420	-6.0474	-4.3968
-6.6533	0.5019	-6.4132	-6.0883	-1.3092	-3.4860	-6.3001	-3.6366	-8.0756	-5.5005	1.4218
5.2628	4.0315	3.2556	3.6095	2.6730	4.1801	3.4107	3.3724	3.5657	3.9887	2.6476
3.3998	4.6318	-1.0438	-0.8840	-0.8139	-5.7908	-1.1394	0.2437	-1.3633	2.9361	3.9292
4.2036	3.6460	1.6299	2.0304	1.0942	1.1707	2.0076	1.5531	2.1220	1.9402	4.0899
-0.7922	-0.8896	-5.8613	-5.9784	-5.5592	-5.5178	-6.0966	-5.4880	-5.7233	-5.3714	-2.3282
-11.0991	-10.5238	-12.8611	-13.3373	-13.7071	-11.8338	-12.9562	-11.9820	-11.8751	-7.9141	-11.3202
-32.6146	-27.9490	-30.7642	-30.8839	-31.0169	-31.9938	-30.1260	-30.1326	-30.0990	-27.6380	-29.2070
-28.6413	-30.1828	-33.9051	-34.2684	-34.5081	-33.9358	-34.4995	-32.8538	-34.4802	-32.0198	-29.5801
-23.0161	-22.9425	-17.5998	-16.9747	-17.7414	-25.6457	-17.3917	-19.2877	-18.5383	-23.0343	-20.8501
22.2788	26.2341	22.0431	18.1713	19.1018	25.4615	17.8389	20.9440	18.6888	21.1630	28.4672
10.5586	7.5051	15.1578	15.4345	14.3121	11.3640	15.1544	13.3737	14.9985	13.0744	7.1948
-6.1728	-11.3525	-15.6766	-15.5587	-15.6062	-15.7973	-15.0671	-13.9696	-17.1037	-14.2368	-11.1275
-0.4866	-11.7090	-13.8919	-15.1503	-15.2180	-16.1689	-14.7416	-13.1878	-16.5658	-8.3735	-11.1749
35.2036	39.9347	36.5132	36.1170	35.8600	40.4643	35.5519	37.9920	36.1989	39.4512	39.4157
-8.6455	-4.8195	-5.6727	-5.3972	-5.3829	-5.6180	-5.5423	-5.4978	-4.7303	-2.8152	-5.2576
-1.0604	1.4160	2.7711	3.8891	3.0986	7.8698	3.1699	3.3637	5.7799	3.3605	1.6694
-3.8087	-2.7429	-5.5803	-5.7144	-6.0606	-2.2810	-5.7618	-3.8855	-5.7490	-3.1400	-1.8037
13.3001	16.5840	15.0945	13.5945	13.7507	14.0296	13.8336	14.0638	14.3412	12.5838	16.2345
6.0714	2.2252	0.2774	0.0540	2.2939	3.4049	1.8292	1.6064	0.5121	3.1611	5.0966
-12.5364	-10.8699	-10.4365	-10.2661	-10.6392	-10.1817	-10.1235	-11.1227	-10.5855	-12.1955	-10.2419
6.8573	9.5732	10.5436	10.9307	10.6888	6.4413	10.4367	9.3792	9.9329	7.7857	11.8024
-0.9507	1.2139	-1.1984	-1.6486	-0.9820	-4.9767	-1.2148	-1.5848	-3.3935	-5.1934	-1.1302
1.6620	2.9095	4.8479	5.1026	5.5042	5.5970	4.9370	4.7217	6.6796	5.5459	3.2508
3.0923	3.9425	4.5416	4.9524	4.7845	7.0882	4.7720	5.2870	5.0522	6.8350	4.2343
7.9858	4.2426	6.5975	7.1604	6.8463	7.9668	7.1025	5.6462	6.8295	5.6589	4.9469
-10.2631	-8.2403	-9.8084	-9.5144	-10.2692	-12.3463	-10.1849	-9.6524	-10.2017	-9.9879	-7.9921
-0.4820	-1.3474	1.0868	0.7459	0.0155	1.1688	0.6195	-0.3652	1.8351	-0.7692	-1.0558
6.8902	1.8967	-3.2537	-4.5964	-3.1250	-3.7757	-4.6250	-2.6332	-5.0556	-4.3214	1.6229
-12.1004	-8.0511	-11.9317	-12.0569	-12.1662	-10.7897	-11.9167	-11.1177	-13.6215	-13.0199	-7.5860
