data_bill=[
9.2500	13.6000	12.6300	7.8700	16.0300	6.8250	12.0700	12.8000	4.2990	16.1250	14.0100
10.4400	14.8500	13.9900	8.1700	15.8400	6.8250	11.6300	11.5000	6.6270	16.2656	14.2400
10.6700	15.0500	12.9600	8.4000	15.6000	6.8250	10.8800	11.1800	6.2270	15.9844	10.3900
10.9200	11.6500	12.6500	8.4000	15.9000	6.8250	11.2300	12.1100	5.6230	16.0469	7.7500
10.8400	10.5500	12.3500	8.3500	15.4200	6.8250	10.8200	12.8100	4.9830	15.6719	7.8800
10.8200	9.9800	11.9300	8.0900	15.9000	6.8250	10.1900	12.0000	4.6640	14.7188	8.6200
10.5900	10.4500	11.2700	7.4100	15.9000	6.8250	10.0400	12.3000	4.6230	15.0313	9.9600
10.5600	10.7400	11.8300	7.4100	14.8800	6.4420	10.4500	12.2000	4.6200	14.3594	11.4400
10.9500	11.9000	11.7300	7.4100	16.8500	6.4420	9.7600	13.0000	4.6850	14.4063	12.7100
11.4700	13.2500	11.2600	7.4100	16.8500	5.9320	9.6500	12.4000	4.6270	12.9375	14.4800
12.1700	17.0500	11.4300	7.4100	16.7700	5.9320	9.7700	12.2000	5.5520	13.0469	14.3000
12.4200	16.9000	11.4300	8.4800	16.7700	5.9320	9.4300	14.6400	4.5740	12.6563	14.5900
12.6800	16.9400	11.9400	8.8900	16.7200	5.9320	9.8700	16.2800	6.5410	11.5938	14.2200
12.7200	16.5500	12.5700	9.9400	18.8000	5.9320	10.8100	16.4300	7.3930	11.7969	12.4600
13.7800	17.3500	13.0000	9.8500	18.2800	5.6770	10.4900	15.3100	7.7720	11.2656	14.8600
13.2200	18.7000	15.9000	10.6000	20.0400	5.6770	11.8800	15.3800	8.9980	11.4688	15.1000
13.3100	18.9000	18.9200	11.1100	19.3000	5.6770	11.9900	14.8400	8.6260	11.9063	14.2800
13.9900	20.6300	17.2900	11.2000	20.0400	5.6770	12.4700	13.6900	8.2550	13.8750	14.8700
14.1100	20.9000	17.4400	12.0500	20.7900	5.6770	13.6500	13.3000	7.6240	13.2188	15.5200
13.4700	19.3500	17.5900	12.0500	19.7800	5.6770	13.0600	13.1400	8.9980	15.7188	14.3400
13.1700	18.2000	16.4600	10.3700	21.4100	5.6770	12.6700	12.3300	9.2980	15.6875	12.7500
12.8700	15.0300	15.3500	10.2700	21.5400	5.4230	11.7900	12.4900	7.7500	13.8125	10.3700
13.2700	14.3600	15.2600	9.6300	22.0800	5.4230	11.1000	12.6000	7.9950	14.7969	11.0800
14.2600	14.4000	15.0700	9.8000	20.8300	5.4230	10.5600	11.8200	7.1240	13.5156	12.5200
16.3300	14.5000	14.5200	9.5900	20.0900	5.4230	10.1000	12.6300	6.7510	13.3750	12.4400
18.7300	15.0500	15.2500	9.3000	19.3000	5.4230	8.9700	12.8400	5.0620	12.4375	13.2600
19.2900	14.9900	16.3600	8.6400	20.6900	5.4230	8.2700	12.6900	3.8200	13.0313	12.3400
14.8800	15.0800	16.1900	8.4600	20.7900	5.4230	8.7400	12.9500	2.8840	13.0313	11.5000
15.4700	16.4000	15.8600	8.4900	19.1100	5.4230	8.8100	13.7000	4.1060	12.3438	12.7600
14.6100	15.3000	14.8400	8.8400	18.8300	5.4230	8.9900	14.4500	2.7980	11.2344	10.1700
14.4300	13.7300	14.6800	8.5400	18.3100	5.4230	8.6800	14.2400	3.0530	10.0625	8.4200
11.6200	12.7800	14.2400	7.8190	17.5400	5.4230	7.8700	14.5800	2.7990	9.7656	7.6200
13.7200	11.1800	13.6400	7.3100	18.0700	5.4230	7.2000	14.5900	2.3760	9.1875	7.9000
12.9800	10.7000	13.1700	6.7190	19.5400	5.4230	6.3800	13.0800	2.8430	10.1250	8.2800
9.3900	9.9300	12.9000	6.2700	19.5100	5.4230	5.7300	12.3900	2.7890	9.7500	7.9200
11.0500	9.6300	12.7500	5.6400	19.5100	5.4230	5.0800	11.2000	1.8000	11.0469	8.1000
14.9500	9.2800	13.0500	5.5400	19.0700	5.4230	4.9100	11.0000	1.9580	10.9063	7.9300
14.1100	9.1600	12.7600	5.1400	18.5800	5.4230	4.3400	10.9000	2.8020	10.3125	8.6400
11.5500	9.1600	12.3100	4.9300	17.8400	5.4230	5.2000	10.6500	3.1490	9.8125	8.0800
10.1800	9.2400	12.7300	5.1200	17.3600	5.4230	5.7200	11.1000	3.3480	9.8438	8.6300
11.9300	9.1600	12.8100	5.6500	17.3400	5.4230	5.9300	11.3500	3.6490	9.3438	8.7900
10.5900	9.2400	12.4400	5.7100	17.3600	5.4230	5.6700	11.3500	3.5500	9.6250	9.2200
10.9600	9.2500	12.6200	5.8200	17.3400	5.4230	6.1000	11.2500	3.5380	9.3438	9.2600
9.4700	9.2500	12.6100	6.1000	17.0600	5.4230	6.1600	12.1000	3.2750	9.0000	8.7100
10.0800	9.2200	12.6300	5.9000	17.3400	4.9140	6.0300	12.2500	3.1020	8.8750	8.5100
9.3200	9.4300	12.5000	5.8300	17.5800	4.9140	6.1000	12.3500	3.0240	8.8438	8.8800
8.5400	9.7500	12.3600	6.1200	17.5400	4.9140	6.1800	11.6500	3.3110	8.8440	8.9700
9.4300	9.7100	12.6200	5.9900	16.8100	4.9140	6.0900	11.0500	3.0020	8.8438	8.8900
10.3500	9.8000	12.6100	5.8100	15.7900	4.9140	5.9800	11.1500	2.9890	8.8750	9.1400
13.1100	10.4900	12.7200	5.5800	15.6600	4.9140	6.1100	10.6500	3.0480	8.4060	9.7200
11.7900	10.6200	12.6500	5.6500	15.6000	4.9140	6.0500	10.6000	3.0020	8.4063	9.7200
11.8100	11.2800	12.3700	5.7100	14.9500	4.9140	6.0400	11.4000	3.0570	8.8130	9.7500
11.2400	11.9800	12.3900	5.8200	14.7100	4.9140	6.1200	13.7000	3.1590	8.7500	9.9200
10.7300	12.6500	11.8700	5.8200	14.7100	4.9140	6.3800	13.7500	3.9210	11.4375	10.4000
9.7400	12.1600	11.5700	5.8200	14.9500	4.9140	6.2900	13.6500	3.9130	9.9375	10.6300
9.6200	12.0100	11.2500	5.6300	15.4200	4.9140	6.2700	13.5000	4.0610	10.1250	10.2200
10.7500	11.4600	10.9700	5.4900	15.2700	4.9140	6.2000	11.5000	4.6770	9.8130	9.0100
10.9800	10.5600	10.6900	5.3700	14.9500	4.9140	5.9200	11.6500	4.1060	9.0781	8.4400
12.2700	9.8300	10.8300	5.2700	14.8200	4.9140	5.8000	11.5000	4.0770	9.1560	7.8500
12.2200	9.4700	10.5900	5.2500	13.9300	4.9140	5.8700	13.2000	4.2670	12.0000	8.0500
13.5100	11.0500	10.7700	5.6700	13.6200	4.9140	6.9500	13.6500	4.6260	13.5630	8.5000
14.5200	10.5600	10.8800	6.0400	13.5400	4.9140	7.1500	13.7500	4.8050	12.3750	8.1800
14.9500	9.7300	10.6500	5.9200	14.4100	4.9140	6.8500	13.7700	4.4980	11.9375	7.8500
14.5000	9.5000	10.3200	5.6700	14.4700	4.9140	6.9400	16.2500	4.3450	11.9375	7.1400
14.0200	9.4200	10.3500	5.2800	14.4100	4.9140	6.6700	16.6000	4.3500	12.0000	6.8300
14.7800	9.0800	10.1200	5.0800	14.2180	4.9140	6.3500	14.9500	4.2100	10.6875	7.2800
16.1700	8.9500	9.9500	4.4600	13.9500	4.9140	5.8400	14.6500	3.8750	11.0000	7.1400
16.1600	8.8100	9.7500	4.0500	13.9300	4.9140	5.7700	14.9200	4.0490	11.0625	7.0400
16.3600	8.5400	9.4500	4.0500	13.2800	4.9140	5.9100	14.0700	3.8750	11.1409	7.1900
18.4500	8.8800	9.0600	4.5500	13.3100	4.9140	5.9300	12.7600	3.3510	11.0630	7.1600
19.4000	9.2900	9.0700	4.4600	13.2300	4.9140	5.8200	12.2100	3.6010	11.1563	7.0500
18.0500	10.4500	9.0800	4.2000	14.3400	4.9140	5.7400	11.7300	3.6010	12.1875	6.9700
16.9000	11.3400	8.9200	4.1200	14.1700	5.6020	5.7600	11.1000	3.2510	11.8750	7.0200
15.0300	10.1900	8.4200	3.9000	13.4600	4.9940	5.5000	10.6000	3.2500	10.8438	6.3400
12.8400	8.8100	7.7300	3.6100	12.9900	4.9940	5.2600	10.2000	3.5310	9.9063	6.1000
12.7300	8.3400	7.3100	3.5000	11.6000	4.9940	5.7900	9.9000	3.5500	9.4375	6.3000
12.4300	8.5600	7.3300	3.8800	11.2400	4.9940	5.9700	9.7800	4.1720	9.2186	5.9600
14.9500	8.3800	7.1200	3.9000	11.2400	4.9940	5.7500	9.3300	4.1020	9.5625	5.7900
17.1500	8.4000	7.2400	3.8300	10.9200	4.3750	5.3300	9.2500	3.6650	9.3125	5.1700
17.4300	8.3100	7.3400	3.8000	10.9200	4.6270	5.2300	8.6500	3.3760	10.3750	5.2000
16.0500	8.4000	7.6800	3.8200	10.7900	4.6270	5.3800	8.4600	3.3770	10.5315	5.2000
15.5800	8.2500	7.6200	3.9000	10.6900	4.6270	5.5300	9.0200	3.2620	10.6880	5.3900
14.9100	8.2500	8.0100	3.9000	10.8100	4.6270	6.0800	9.1800	3.3750	10.6563	5.6700
16.6500	7.3200	8.7600	3.8700	10.8100	4.6270	5.6500	10.2000	3.1900	10.5780	5.6000
16.3500	7.2900	8.4300	3.4700	10.6900	3.3830	5.3600	10.8000	2.9690	10.3750	5.4500
15.3800	6.8300	7.9100	3.3700	10.5700	3.2460	5.4600	10.2300	3.5010	9.0940	5.6100
14.0800	8.0300	7.9000	3.0500	10.2300	3.2460	5.3800	9.2300	3.0800	8.9375	5.5300
13.1300	8.1300	8.1500	2.9700	10.3100	3.2460	5.1900	9.1700	3.2000	8.5625	5.6800
12.1300	8.3300	8.2900	2.9500	10.3400	3.2460	5.2100	8.5700	3.3400	8.8594	5.7300
12.0800	8.9400	7.8500	2.9500	11.2100	3.5040	5.2700	8.9400	3.0610	8.9380	6.0700
11.8500	8.9800	7.9200	3.2300	11.1500	3.6920	5.3200	9.1000	3.0980	9.8750	6.2500
11.0900	9.3900	7.9900	3.3500	12.0700	3.6920	5.3800	9.0200	3.1240	9.8130	6.6100
11.3800	8.0400	8.3300	3.7700	11.8900	3.6920	5.7300	9.2700	3.7520	8.9380	5.2700
10.1500	8.2500	8.8300	3.2800	11.9300	3.6920	5.0700	9.1900	2.8760	8.5310	5.2100
10.0500	8.4100	8.3400	3.1500	11.6400	3.6920	4.7200	9.0300	2.9500	8.3130	5.6800
9.8800	8.4000	8.3200	3.1500	11.3600	3.6920	4.3200	9.1900	2.5040	8.3440	5.6400
10.2000	8.3300	7.5600	3.1500	10.7200	3.4060	4.0600	9.2900	1.5010	8.8750	5.6200
