data_inflation=[
1.1947	1.2030	1.0663	1.2384	1.7241	0.8120	1.0049	1.5004	0.1980	1.4224	1.2821
0.9099	0.7081	1.1555	0.4137	1.0430	0.5370	0.8823	0.5217	0.2695	1.3760	1.3924
0.7071	0.7032	1.2416	0.5374	1.6344	1.8561	1.0048	0.6632	0.4659	3.4195	0.9988
0.5824	1.1721	0.8340	0.5524	1.0157	0.7866	0.2579	0.3151	0.6599	0.9086	0.9889
0.5328	1.1585	0.7054	0.2658	0.9217	0.3902	0.0000	0.2856	0.2658	0.9505	0.9792
0.5565	0.6823	1.4251	0.1237	1.7850	0.1296	0.8637	0.8257	0.3711	0.8176	0.1212
0.6364	1.1375	0.9764	0.1412	1.1827	-0.2588	0.4737	0.5648	0.6514	0.2458	0.7264
0.7095	0.6700	0.8962	0.0000	2.0153	1.6736	0.7434	2.8644	0.0875	0.6129	0.8414
0.7604	0.8795	1.0753	0.1234	1.6989	0.2552	0.4680	1.4196	-0.1748	0.6335	0.9535
0.7915	1.3195	0.6707	0.6690	2.0591	0.2546	0.1254	0.5922	0.9104	0.8232	1.0626
0.8111	0.4419	0.9649	0.8045	-0.2284	-0.3809	0.1253	0.4282	0.3643	0.5283	0.9346
0.8212	1.5050	1.1377	0.9022	1.8695	1.0195	0.9650	1.8652	0.9853	0.6211	0.9259
0.8131	1.0721	0.9449	0.7909	1.9476	-0.1262	0.4602	1.9095	0.9757	0.9022	0.9174
0.7507	1.2638	0.9360	0.7677	1.4328	0.3789	0.7223	0.5390	0.6272	1.5059	0.6818
0.6266	0.6240	1.3910	0.5248	1.3401	0.7550	0.8221	0.6127	-0.1685	2.8975	0.5643
0.4950	0.8195	0.9146	0.5052	1.5726	0.8618	0.4511	0.6090	0.8775	0.6308	0.6734
0.5645	1.6476	0.9927	0.3686	1.1260	0.2477	0.2418	0.3531	0.6859	0.5821	0.8919
0.8829	0.8213	1.6880	0.6344	0.5915	-0.3706	0.9304	0.9299	0.5317	0.4451	1.1050
1.3376	0.7931	1.2398	0.2488	0.9339	-0.4835	0.2219	0.7470	1.5535	0.7312	0.7650
1.5074	0.7869	1.1208	0.5130	1.4051	1.6071	0.9198	0.7168	0.0814	0.5719	0.9761
1.3036	0.9918	1.2931	0.4939	1.7574	0.2452	0.8945	0.6626	-0.3415	0.8968	0.3222
0.8462	0.7940	0.8308	0.4915	1.7602	0.0000	0.3346	0.3657	0.5874	1.0622	0.4283
0.5387	0.3731	0.6029	0.2445	1.0444	0.0000	0.1167	-0.5101	0.0000	0.6221	0.3198
0.4712	0.7848	1.0787	0.8619	1.4212	0.0000	0.6661	2.1973	0.5191	0.5756	0.3188
0.6004	1.1475	0.9881	0.1290	1.4968	0.0000	0.4467	1.4095	0.1614	0.0424	0.3178
0.7739	1.3169	1.2329	0.0000	0.8472	0.0000	0.7740	0.2591	0.1772	0.8686	0.0000
0.9529	0.5599	1.1405	0.3543	0.8401	0.8562	0.3269	0.6579	0.5790	1.9954	0.3168
1.1179	1.3124	0.7836	0.7381	1.1108	0.3638	0.3258	0.4435	1.2472	0.7208	0.9474
1.1965	1.0991	0.7207	1.0832	1.0681	0.0000	0.1137	0.3254	0.9160	0.2862	1.1470
1.1740	0.5436	0.3201	0.1261	1.2379	-0.6042	0.6487	0.6949	0.4069	0.0204	0.5155
1.0714	0.3476	0.3191	-0.1259	1.8193	0.7172	0.1128	0.2761	0.7325	0.0408	0.2051
0.9563	0.5580	0.3742	0.3624	1.5231	1.4484	0.5472	0.5276	0.4023	-0.0611	0.0000
0.8449	0.7080	0.5592	0.4710	1.7023	0.3569	0.4322	1.3921	0.2312	0.4893	0.4094
0.7456	0.5320	0.9268	0.2344	1.3901	-0.9484	0.0000	0.7878	0.3229	0.4869	-0.1019
0.6937	0.0000	0.8448	0.2339	0.8674	-0.1197	-0.2231	0.2903	-0.3218	-0.1817	-0.3061
0.6963	-0.1701	0.9834	0.4666	1.2205	0.1198	0.0000	2.2044	-0.1384	0.1214	0.2047
0.7318	0.5301	0.6853	0.0000	1.3428	-0.3591	0.2236	0.0436	0.1386	0.4444	0.1022
0.7192	1.0546	0.9672	0.0000	0.9465	0.6006	0.0956	0.3702	0.1845	0.1810	0.1020
0.6399	0.0000	1.2595	0.2477	1.0447	0.3582	0.4299	0.8028	0.3223	1.4053	0.7136
0.5309	0.1677	0.6657	0.2317	0.8484	1.0708	0.1110	0.6242	0.0765	0.4158	0.4049
0.5333	1.0419	0.5743	0.3390	0.5783	-0.5886	0.1109	0.5348	0.4127	0.2366	0.2016
0.6797	0.5156	0.8825	0.3532	0.8103	-0.4737	0.5221	0.8085	-0.1979	0.5311	0.4024
0.8925	0.5129	0.5660	0.3520	0.5185	-0.1190	0.3148	0.5065	0.2746	0.4500	0.3006
0.8763	0.0000	0.7846	0.2287	1.3155	1.0721	0.4236	0.7350	0.1217	0.4480	0.2997
0.5661	0.6926	0.7785	0.0000	1.5020	0.8132	0.4218	0.8130	0.2431	0.3490	0.3984
0.0652	0.0000	0.4198	0.2282	1.1036	-0.4559	0.3111	0.5997	0.6366	0.3478	0.2976
-0.2457	0.1629	0.3512	0.2277	0.4217	-0.3523	0.0000	0.8222	0.0452	0.2696	0.2967
-0.2750	0.6686	0.6999	0.3483	1.2105	0.3536	0.3102	1.3660	0.3613	-0.0576	0.6903
-0.0778	0.5026	0.6288	0.3471	1.1960	0.5755	0.5257	-0.4023	0.3600	0.4035	0.4897
0.1187	0.1786	0.6742	0.1053	0.7236	0.2335	0.4153	1.4338	0.6576	0.3254	0.2924
0.2563	0.3209	0.6207	0.1202	0.7423	0.2330	0.3063	0.6570	0.1485	1.3354	0.3887
0.3430	0.0000	0.5357	0.1050	0.6418	0.6974	0.0000	0.6923	-0.2076	0.3765	0.1936
0.4118	0.6753	0.4844	0.3448	0.5905	-0.6925	0.0000	-0.2357	0.3120	0.2438	0.1932
0.4711	0.3354	0.6749	-0.1195	0.2348	0.2325	0.0000	0.2756	-0.1777	-0.1123	0.3857
0.5143	0.0000	0.5267	-0.2244	0.5153	-0.8117	0.0916	0.7461	0.3561	0.9365	0.2882
0.5161	0.1583	0.4605	0.1199	0.7924	1.5198	0.4119	0.6432	-0.0591	0.2041	0.2874
0.4707	0.3337	0.6638	0.5690	0.9711	0.6909	0.7141	0.4841	0.6361	0.6111	0.3820
0.4032	0.4902	0.3297	0.1042	0.7786	-0.4575	0.1056	0.6167	0.5292	0.3129	0.1903
0.4096	0.0000	0.2034	0.1190	0.6135	0.1149	-0.1055	1.6089	-0.0439	-0.0734	0.1899
0.5124	0.4878	0.5154	0.5645	1.1066	0.3443	-0.1056	0.5844	0.9801	0.3489	0.1896
0.6812	0.6415	0.5127	0.4431	1.2285	-0.3431	0.3171	0.8808	0.8112	0.7685	0.5676
0.8004	0.1550	0.7111	0.3235	0.8385	0.3443	0.7075	0.7802	0.5604	0.9806	0.4704
0.8428	0.4816	0.7061	0.1173	0.7002	0.5604	0.3886	0.3871	-0.1143	2.1579	0.1873
0.8197	0.3252	0.5182	0.0000	0.7171	0.2275	0.1042	1.1385	-0.0715	0.4225	0.1869
0.7698	0.4777	0.3791	0.0000	0.6041	0.0000	-0.1041	-0.3268	-0.0573	0.2103	0.2799
0.7031	0.4755	0.3776	0.0000	0.1930	0.2269	-0.1936	-0.0729	-0.2149	-0.2099	0.1861
0.6352	0.0000	0.1204	-0.3368	0.2140	-0.2264	0.0000	-0.0365	-0.0144	0.3155	0.1857
0.6266	0.1690	0.1353	0.1175	0.5767	0.1135	0.5072	0.4376	0.3015	-0.1048	0.1854
0.6908	0.3037	0.3152	0.1027	0.9981	0.9067	0.2969	0.6536	0.2577	0.2099	0.3700
0.7944	0.3196	0.1796	0.1173	0.7780	-0.7863	0.0000	0.6494	0.6996	0.3142	0.4608
0.8115	0.4695	0.1344	0.1171	0.5842	0.1132	-0.2960	0.4122	0.0709	0.1044	0.4587
0.7137	0.4673	0.0597	0.3217	0.4978	0.3393	-0.4008	1.1244	-0.0425	0.2086	0.3653
0.5473	0.4651	-0.2534	-0.1020	0.3715	-0.1127	0.1937	0.0706	-0.0284	0.4163	-0.1820
0.4838	0.3142	0.2541	-0.3356	0.4730	0.0000	0.0000	-0.1764	0.1276	0.1036	-0.5470
0.5633	0.0000	0.3727	0.0000	0.2047	0.2257	0.2975	0.6184	-0.0566	1.0354	-0.3666
0.7479	0.6099	0.2525	0.0000	0.4698	0.3377	0.0000	0.0000	-0.3117	0.1025	0.2760
0.8965	0.1638	0.3111	0.0000	0.1830	-0.5610	-0.4004	0.0000	-0.0142	0.0000	0.3670
0.9753	0.7524	0.1182	-0.3368	0.0000	-0.2257	-0.7892	0.2283	-0.4691	-0.3071	0.0914
0.9895	0.1623	0.1180	-0.3232	0.2841	-0.2262	0.1951	-0.1226	0.1857	0.3081	0.0913
0.9539	0.0000	0.3684	0.1032	0.2833	0.4534	0.4044	0.9121	0.1711	0.5119	0.3650
0.8735	0.5997	0.2496	-0.3239	0.4843	0.1128	0.2984	0.3650	0.0285	0.2037	0.1818
0.7601	0.4511	0.1172	-0.1182	0.4619	-0.4508	0.1041	0.0173	0.2419	0.8132	0.1815
0.6557	0.1444	0.1316	0.1183	0.3798	-0.2264	-0.2080	0.2424	0.2129	0.3025	0.3623
0.5699	0.3043	0.9203	0.5465	0.5576	-0.3404	-1.2954	0.9328	0.5665	0.4021	0.5415
0.5060	0.4471	0.1737	0.1175	0.5347	0.0000	0.1056	0.3081	0.2957	0.4005	0.3591
0.4788	0.3020	0.1156	0.0000	0.2758	0.3416	0.1959	0.2047	0.1404	0.1994	0.3578
0.4914	0.5864	0.5484	0.2201	0.3732	0.9078	0.2106	0.2554	0.1262	1.1942	0.4456
0.5338	0.5987	0.1866	0.0000	0.4501	0.2249	-0.1051	0.0849	-0.5461	0.0983	0.2662
0.5681	0.2819	0.1719	0.1171	0.3702	-0.2244	0.0000	-0.1867	0.3098	0.0000	0.4425
0.5851	0.5935	0.2431	0.0000	0.1747	-0.4498	0.0000	1.2071	0.0281	-0.0983	0.2643
0.5880	0.1397	0.2426	-0.1170	0.3682	0.1130	0.3005	0.5040	0.3929	0.2950	0.4394
0.5881	0.0000	0.0569	-0.1171	0.6371	0.9026	0.2996	0.9360	-0.2376	0.2942	0.3500
0.5881	0.2946	0.2418	0.1173	0.7865	0.0000	0.2091	0.4637	0.4344	0.4888	0.2616
0.5876	0.4328	0.1135	0.0000	0.3616	-0.5591	-0.1043	0.3132	0.3627	0.4865	0.3478
0.5846	0.1385	0.0567	0.1171	0.1707	-0.1125	-0.2984	0.0000	0.0000	-0.0968	0.1733
0.5787	0.1537	0.1842	0.4387	0.5301	-0.2252	-0.5985	0.5422	0.2502	0.0000	0.3460
0.5719	0.4297	0.1697	0.2184	0.4520	-0.2257	0.1957	0.7518	0.4853	0.3231	0.1724
0.5710	0.5654	0.2964	0.0000	0.4312	0.3393	0.5108	0.4542	0.2346	0.3220	0.2582
0.5778	0.2887	0.4785	0.2179	0.2613	0.5635	0.1943	0.8881	0.1927	1.2839	0.6009
0.5943	0.5606	0.2241	0.2175	0.3538	0.1121	0.1044	0.3521	-0.2473	0.4754	0.2560
0.6293	0.2863	0.2935	0.1157	0.3340	-0.2239	-0.1043	0.2552	0.1653	0.3154	0.4255
0.6844	0.5559	0.3484	0.0000	0.1849	-0.2244	0.1939	0.4773	-0.2338	0.0000	0.4237
