data_dividend_yield=[
6.63	3.52	5.00	5.35	2.52	1.47	7.10	6.30	2.82	6.20	5.10
6.71	4.35	6.40	5.85	2.59	1.53	8.30	6.90	3.06	6.60	5.68
6.89	4.18	6.50	5.92	2.70	1.53	8.00	6.80	3.16	6.82	5.59
6.70	4.04	6.20	5.98	2.80	1.51	7.80	6.90	3.09	6.82	5.34
6.66	3.88	6.40	5.86	2.70	1.49	7.60	7.00	3.09	6.58	5.20
6.46	3.65	6.60	5.68	2.73	1.50	7.30	6.90	3.04	6.18	4.99
6.42	3.63	6.40	5.78	2.43	1.48	7.50	7.40	2.99	6.20	4.96
6.23	3.58	6.40	5.81	2.21	1.46	7.60	7.50	2.97	6.05	4.84
6.71	3.64	6.00	5.92	1.97	1.46	6.80	6.80	2.98	5.96	4.83
6.32	3.43	6.00	5.87	1.86	1.46	6.40	6.30	2.99	5.84	4.38
6.25	3.66	6.40	6.01	2.07	1.46	6.80	6.20	3.01	6.09	4.54
6.22	3.73	6.50	6.12	1.71	1.42	6.70	6.50	2.99	6.27	4.85
5.93	3.88	6.60	6.07	1.57	1.40	6.50	5.80	3.07	6.06	4.78
5.88	3.59	7.20	5.82	1.55	1.42	7.30	5.70	3.10	5.92	4.62
5.75	3.73	7.70	5.51	1.58	1.44	7.30	5.90	3.24	5.57	4.81
5.20	3.65	9.40	5.47	1.51	1.46	7.60	5.60	3.31	5.59	4.82
5.63	3.68	9.90	5.26	1.64	1.45	7.50	5.00	3.40	5.70	4.87
5.94	3.98	9.10	5.33	2.05	1.42	7.30	4.70	3.42	5.76	4.98
5.93	4.11	8.70	5.45	1.96	1.43	7.40	4.70	3.42	5.52	5.31
6.35	4.77	8.80	5.77	2.17	1.51	8.70	5.10	3.64	5.94	5.61
6.53	4.80	9.10	5.84	2.41	1.54	8.20	4.60	3.72	6.39	5.44
6.46	4.37	8.60	5.69	2.29	1.50	7.60	4.20	3.66	6.02	5.25
6.19	4.49	8.60	5.83	2.15	1.50	7.70	4.20	3.59	5.94	5.41
6.62	4.92	7.90	5.76	2.14	1.49	7.70	4.20	3.60	5.87	5.58
6.99	5.37	7.20	5.59	2.06	1.50	8.30	4.50	3.73	5.68	5.94
7.22	5.62	7.30	5.42	1.99	1.59	8.10	4.90	3.73	5.85	6.00
7.17	5.70	7.20	5.35	2.12	1.62	7.70	5.10	3.62	5.90	5.85
7.07	5.65	7.00	5.35	2.23	1.56	7.80	5.00	3.66	5.80	6.09
7.26	6.31	7.80	5.46	2.47	1.59	8.40	5.00	3.80	5.93	6.21
7.39	5.79	8.00	5.50	2.53	1.61	8.30	4.70	3.90	6.00	6.40
7.62	5.00	7.60	5.56	2.34	1.65	8.10	4.70	3.86	5.90	5.73
7.10	4.93	7.70	5.31	2.36	1.62	8.20	4.20	3.83	5.58	5.69
7.26	4.41	7.60	5.31	2.32	1.62	7.60	3.80	3.63	5.37	5.14
7.64	4.28	7.50	5.17	2.18	1.55	7.80	3.20	3.48	5.22	4.96
5.41	4.03	7.70	4.89	2.12	1.52	7.40	3.10	3.40	5.30	4.88
4.89	3.87	7.30	4.93	2.04	1.51	7.10	2.70	3.23	5.14	4.76
5.33	3.76	7.10	4.62	1.79	1.51	6.90	2.40	3.18	4.98	4.65
5.25	3.65	6.30	4.19	1.74	1.46	5.90	2.50	3.17	4.92	4.52
4.56	3.32	6.00	3.76	1.86	1.42	5.60	2.20	3.09	4.73	4.22
4.36	3.28	5.70	3.79	2.03	1.35	5.70	2.20	3.05	4.84	4.27
4.55	3.25	5.80	3.65	2.74	1.30	5.20	2.30	3.12	4.65	4.27
4.10	3.22	5.60	3.54	2.74	1.25	5.10	2.10	3.03	4.74	4.31
3.97	3.22	5.40	3.73	2.63	1.21	5.00	2.00	3.02	4.63	4.26
3.95	3.22	5.20	3.67	2.69	1.17	5.10	2.10	2.91	4.75	4.28
4.17	3.41	5.20	3.44	3.23	1.18	5.40	2.20	2.78	4.93	4.34
3.89	3.23	4.90	3.35	2.93	1.17	5.10	2.00	2.63	4.75	4.26
3.81	3.22	4.70	3.34	2.93	1.14	5.00	2.10	2.56	4.66	4.30
3.88	3.34	4.30	3.23	2.62	1.06	4.30	2.00	2.56	4.43	4.39
4.04	3.47	4.50	3.33	2.49	1.04	4.60	2.10	2.60	4.46	4.57
4.02	3.54	4.70	3.37	2.39	0.99	4.90	2.20	2.64	4.36	4.51
4.22	3.63	4.40	3.56	2.43	0.99	4.90	2.30	2.61	4.40	4.57
4.94	3.82	4.60	3.86	2.54	1.04	5.20	2.60	2.59	4.57	4.86
4.97	3.86	4.70	3.79	2.62	1.08	5.10	2.50	2.83	4.80	4.76
4.92	4.03	5.10	4.11	3.32	1.08	5.40	2.50	3.00	5.03	4.90
4.63	3.63	4.60	3.93	3.15	1.03	4.70	2.60	2.89	4.82	4.43
4.63	3.63	4.40	3.69	3.57	1.00	4.50	2.80	2.83	4.75	4.44
4.61	3.70	4.40	3.66	4.01	0.97	4.50	2.80	2.78	4.72	4.53
4.70	3.73	4.40	3.68	4.05	0.95	4.60	2.90	2.72	4.55	4.60
4.92	3.70	4.40	3.61	3.94	0.95	4.50	3.00	2.72	4.51	4.50
4.69	3.43	4.10	3.45	3.50	0.93	4.20	2.70	2.63	4.35	4.26
4.65	3.46	4.10	3.44	3.14	0.92	4.10	2.90	2.55	4.30	4.23
4.49	3.46	4.00	3.48	3.13	0.90	4.60	3.00	2.53	4.34	4.24
4.31	3.42	4.00	3.60	3.19	0.93	4.50	2.90	2.53	4.52	4.30
4.40	3.29	3.70	3.38	2.73	0.92	4.60	3.10	2.49	4.45	4.08
4.62	3.32	3.90	3.22	2.58	0.93	4.60	3.20	2.45	4.60	4.03
4.31	3.25	4.20	3.36	2.50	0.93	4.70	3.10	2.31	4.76	4.11
4.41	3.20	4.10	3.12	2.34	0.94	4.60	3.10	2.29	4.56	4.16
4.26	3.42	4.30	2.97	2.31	0.93	5.00	3.10	2.24	4.56	4.31
4.19	3.32	4.00	2.64	2.18	0.92	4.80	2.90	2.19	4.50	4.16
4.30	3.16	3.60	2.73	2.02	0.91	4.70	2.60	2.01	4.28	3.91
4.30	3.13	3.40	2.47	2.02	0.88	4.50	2.40	1.88	4.39	3.74
4.07	3.21	3.20	2.47	1.90	0.62	4.32	2.60	1.81	4.37	3.79
4.22	3.21	2.90	2.60	1.68	0.58	4.42	2.70	1.89	4.13	3.53
3.89	2.97	2.60	2.44	1.41	0.58	4.31	2.50	1.83	3.85	3.36
3.65	2.94	2.50	2.49	1.25	0.59	4.26	2.30	1.78	3.72	3.44
3.64	2.88	2.70	2.79	1.32	0.56	4.59	2.20	1.81	3.88	3.27
3.84	2.93	2.80	2.84	1.71	0.53	4.41	2.20	1.87	3.92	3.23
4.02	3.09	2.60	2.99	1.73	0.52	4.53	2.10	2.00	3.99	3.49
3.82	3.00	2.40	2.64	1.50	0.54	4.43	2.10	1.83	4.04	3.25
3.74	3.05	2.60	2.81	1.55	0.58	4.39	2.10	1.90	4.01	3.56
3.43	2.99	2.60	2.79	1.57	0.62	4.57	2.00	1.82	4.13	3.39
3.46	3.01	2.50	2.69	1.62	0.60	4.44	2.10	1.77	4.03	3.32
3.35	2.99	2.50	2.74	1.73	0.59	4.40	2.10	1.76	4.10	3.42
3.38	2.74	2.40	3.06	1.69	0.60	4.46	2.40	1.82	3.84	3.04
3.19	2.61	2.30	3.23	1.78	0.58	4.51	2.40	1.91	3.54	2.93
3.05	2.43	2.30	3.26	1.78	0.55	4.24	2.30	1.88	3.42	2.86
3.01	2.47	2.40	3.23	1.67	0.57	4.06	2.20	1.97	3.47	2.95
3.02	2.51	2.50	3.34	1.69	0.54	4.05	2.20	1.99	3.21	2.94
3.03	2.48	2.60	3.17	1.75	0.48	3.91	2.20	1.89	3.08	2.80
2.67	2.31	2.60	2.99	1.90	0.45	3.63	2.00	1.76	2.94	2.72
2.57	2.32	2.50	2.94	2.10	0.42	3.60	1.90	1.76	3.11	2.63
2.49	2.39	2.70	3.01	2.16	0.41	3.81	1.90	1.71	3.08	2.69
4.49	3.13	3.50	3.82	2.19	0.42	4.32	2.40	2.14	3.46	3.50
4.47	3.25	3.70	4.33	2.67	0.46	5.38	2.80	2.31	4.46	3.83
4.66	3.08	3.90	4.42	2.71	0.45	5.58	2.70	2.46	4.45	3.57
4.98	3.20	4.30	4.61	2.81	0.43	5.38	2.40	2.49	4.17	3.48
5.13	3.13	3.50	4.06	2.95	0.38	5.11	2.50	2.30	4.23	3.34
4.58	3.03	3.90	4.05	2.61	0.37	4.87	2.50	2.39	4.18	3.46
4.58	3.07	3.80	4.11	2.57	0.37	4.75	2.50	2.36	4.20	3.53
4.36	3.23	3.60	4.16	2.75	0.35	4.92	2.40	2.43	4.25	3.52
4.50	3.05	3.40	4.01	2.63	0.35	4.75	2.40	2.26	4.16	3.37
4.41	3.16	3.40	3.91	2.48	0.34	4.58	2.30	2.22	4.20	3.48
4.63	3.27	3.50	3.91	2.45	0.39	4.49	2.50	2.20	4.30	3.62
4.78	3.32	3.20	3.68	2.47	0.41	4.81	2.30	2.16	4.53	3.48
4.69	3.25	3.00	3.55	2.39	0.43	4.84	2.20	2.08	4.40	3.49
5.13	3.39	3.00	3.65	2.38	0.43	4.93	2.20	2.08	4.45	3.55
5.13	3.36	2.80	3.50	2.41	0.41	4.82	2.10	2.01	4.76	3.50
4.91	3.17	2.70	3.48	2.37	0.40	4.49	2.30	2.24	4.49	3.35
5.13	3.36	2.80	3.57	2.49	0.40	4.45	2.00	2.26	4.16	3.45
5.24	3.35	3.00	3.49	2.50	0.42	4.41	2.10	2.17	4.17	3.38
5.25	3.32	3.10	3.50	2.46	0.43	4.26	2.20	2.15	4.30	3.33
5.56	3.37	3.00	3.50	2.52	0.41	4.23	2.10	2.36	4.21	3.21
5.85	3.34	3.00	3.35	2.40	0.41	4.15	2.00	2.20	4.28	3.24
5.62	3.15	2.90	3.21	2.29	0.42	4.09	1.80	2.08	4.14	3.08
5.25	3.11	2.80	3.11	2.18	0.40	3.91	1.80	2.21	3.97	3.04
5.41	3.28	2.70	3.08	2.20	0.38	3.86	1.90	2.03	4.00	3.06
5.71	3.26	2.90	3.27	2.39	0.35	4.11	2.00	2.16	4.43	3.25
5.81	3.25	2.80	3.12	2.41	0.35	4.23	2.10	2.12	4.48	3.19
5.65	3.25	2.70	2.85	2.40	0.33	4.00	1.90	2.13	4.29	3.13
5.55	3.50	2.90	2.77	2.30	0.39	4.05	1.90	2.20	4.35	3.44
5.84	3.50	2.90	2.84	2.70	0.39	4.20	2.10	2.21	4.53	3.41
5.83	3.47	2.90	2.68	2.90	0.42	4.20	2.50	2.25	4.77	3.33
6.27	3.78	2.90	2.98	2.80	0.49	4.30	2.40	2.40	4.96	3.53
5.79	3.54	2.80	2.97	2.60	0.45	4.36	2.20	2.29	4.94	3.23
5.91	3.57	2.90	2.91	2.40	0.43	4.26	2.20	2.31	4.71	3.26
5.63	3.54	3.10	2.81	2.60	0.44	4.27	2.20	2.38	4.76	3.32
5.91	3.76	3.60	3.29	3.10	0.50	4.68	2.50	2.74	5.19	3.67
6.40	3.97	4.00	3.94	3.50	0.56	4.87	3.20	3.12	5.57	3.87
6.69	4.06	3.80	3.70	3.68	0.59	5.12	3.10	2.99	5.57	3.98
6.64	3.97	3.80	3.69	4.14	0.59	5.24	3.40	3.07	5.57	3.76
6.79	3.83	4.00	3.78	4.07	0.62	4.99	3.40	3.09	5.42	3.66
6.61	3.82	3.90	3.80	3.72	0.51	4.98	2.90	3.02	5.60	3.52
5.99	3.54	3.50	3.52	3.50	0.46	4.70	2.80	2.75	5.19	3.30
5.83	3.47	3.40	3.71	3.50	0.42	4.43	2.70	2.65	4.80	3.23
4.96	3.49	3.60	3.56	3.44	0.41	4.21	2.90	2.63	4.71	3.24
4.80	3.40	3.40	3.41	3.60	0.41	4.27	2.70	2.51	4.81	3.12
4.83	3.41	3.60	3.54	3.41	0.42	4.27	2.70	2.61	4.91	3.27
4.65	3.26	3.60	3.59	3.61	0.46	4.28	2.80	2.53	4.87	3.17
4.54	3.30	3.40	3.55	3.72	0.50	4.25	2.80	2.53	4.73	3.11
4.31	3.42	3.40	3.65	3.80	0.54	4.28	3.00	2.64	4.68	3.17
3.98	3.20	3.40	3.72	3.90	0.51	4.32	3.10	2.64	4.77	3.11
3.94	3.27	3.60	3.77	3.90	0.54	4.32	3.40	2.70	4.93	3.25
3.81	3.18	3.50	3.80	4.00	0.57	4.44	3.40	2.70	5.17	2.93
3.89	3.09	3.40	3.63	3.66	0.73	4.25	3.30	2.58	4.95	3.01
3.79	3.08	3.20	3.50	3.67	0.73	4.16	3.30	2.49	4.87	2.99
